Resultados pruebas

LBP + kernel radial.
         F1  accuracy  precision  truenegativerate  truepositiverate
0  0.705812  0.546211   0.545370          0.004057          1.000000
1  0.715389  0.557301   0.556892          0.002083          1.000000
2  0.705389  0.545287   0.544866          0.002028          1.000000
3  0.701860  0.540665   0.541166          0.000000          0.998294
4  0.704967  0.544362   0.544362          0.000000          1.000000

LBP + kernel lineal.
        F1  accuracy  precision  truenegativerate  truepositiverate
0  0.685714  0.644177   0.697674          0.603486          0.674157
1  0.678275  0.641405   0.646130          0.559921          0.713787
2  0.681892  0.639556   0.683007          0.585470          0.680782
3  0.695312  0.639556   0.681470          0.542857          0.709729
4  0.723810  0.678373   0.719243          0.609649          0.728435

HOG + kernel lineal.
        F1  accuracy  precision  truenegativerate  truepositiverate
0  0.949580  0.955638   0.963753          0.971619          0.935818
1  0.952772  0.957486   0.954733          0.962963          0.950820
2  0.966292  0.969501   0.977273          0.981261          0.955556
3  0.961123  0.966728   0.967391          0.975649          0.954936
4  0.954262  0.959335   0.976596          0.981356          0.932927


HOG + kernel radial.
         F1  accuracy  precision  truenegativerate  truepositiverate
0  0.835267  0.868762   0.954907          0.971524          0.742268
1  0.860022  0.884473   0.964824          0.976150          0.775758
2  0.867749  0.894640   0.949239          0.967427          0.799145
3  0.865106  0.888170   0.953317          0.967905          0.791837
4  0.880274  0.902957   0.965000          0.976860          0.809224