Resultados pruebas

### PRUEBAS CON HOG SOLO ###
Pruebas con SVM lineal:
Validation,F1,accuracy,precision,truenegativerate,truepositiverate
0,0.955533,0.960259,0.966527,0.973019,0.944785
1,0.960566,0.963956,0.979381,0.982699,0.942460
2,0.959474,0.965804,0.962637,0.972756,0.956332
3,0.953751,0.958410,0.960663,0.967905,0.946939
4,0.970854,0.973198,0.979716,0.982759,0.962151

Pruebas con SVM radial:

Validation,F1,accuracy,precision,truenegativerate,truepositiverate
0,0.853179,0.882625,0.960938,0.975042,0.767152
1,0.834146,0.874307,0.957983,0.975767,0.738661
2,0.850123,0.887246,0.971910,0.983974,0.755459
3,0.854237,0.880776,0.952141,0.968013,0.774590
4,0.865106,0.888170,0.948655,0.964646,0.795082

Pruebas con SVM polinomial grado 2:

Validation,F1,accuracy,precision,truenegativerate,truepositiverate
0,0.963441,0.968577,0.976035,0.981997,0.951168
1,0.969008,0.972274,0.985294,0.988136,0.953252
2,0.973601,0.976895,0.976695,0.981878,0.970526
3,0.974039,0.976895,0.979123,0.983278,0.969008
4,0.968442,0.970425,0.983968,0.985891,0.953398

Pruebas con SVM polinomial grado 3:

Validation,F1,accuracy,precision,truenegativerate,truepositiverate
0,0.978238,0.980591,0.989518,0.991582,0.967213
1,0.979955,0.983364,0.988764,0.992051,0.971302
2,0.968153,0.972274,0.976445,0.981878,0.960000
3,0.973577,0.975970,0.979550,0.982964,0.967677
4,0.974722,0.976895,0.993814,0.994810,0.956349

Pruebas con SVM polinomial grado 4:

Validation,F1,accuracy,precision,truenegativerate,truepositiverate
0,0.970684,0.975046,0.984581,0.988618,0.957173
1,0.969325,0.972274,0.983402,0.986348,0.955645
2,0.981289,0.983364,0.995781,0.996633,0.967213
3,0.973188,0.975046,1.000000,1.000000,0.947776
4,0.972860,0.975970,0.991489,0.993266,0.954918

Pruebas con SVM polinomial grado 5:

Validation,F1,accuracy,precision,truenegativerate,truepositiverate
0,0.970982,0.975970,0.981941,0.987281,0.960265
1,0.973568,0.977819,0.988814,0.991948,0.958785
2,0.971904,0.975046,0.991507,0.993243,0.953061
3,0.972399,0.975970,0.982833,0.986799,0.962185
4,0.966135,0.968577,0.981781,0.984266,0.950980

Pruebas con SVM sigmoidal:

Validation,F1,accuracy,precision,truenegativerate,truepositiverate
0,0.530194,0.575786,0.531828,0.614865,0.528571
1,0.531154,0.575786,0.521042,0.602990,0.541667
2,0.617252,0.446396,0.446396,0.000000,1.000000
3,0.535865,0.593346,0.541578,0.643449,0.530271
4,0.520686,0.560998,0.503906,0.578773,0.538622

Pruebas con SVM Chi cuadrado:

Validation,F1,accuracy,precision,truenegativerate,truepositiverate
0,0.698479,0.597043,0.539530,0.246503,0.990196
1,0.651129,0.557301,0.489059,0.250401,0.973856
2,0.661839,0.568392,0.500000,0.256911,0.978587
3,0.670968,0.575786,0.506494,0.253682,0.993631
4,0.684507,0.585952,0.524838,0.251701,0.983806

Pruebas con SVM kernel Inter:

Validation,F1,accuracy,precision,truenegativerate,truepositiverate
0,0.970854,0.973198,0.977733,0.981067,0.964072
1,0.975242,0.978743,0.997797,0.998353,0.953684
2,0.976999,0.980591,0.986726,0.990338,0.967462
3,0.977459,0.979667,0.987578,0.989813,0.967546
4,0.988004,0.989834,0.993421,0.995169,0.982646

### PRUEBAS CON LBP SOLO (espejado)###
Pruebas con SVM lineal:

Validation,F1,accuracy,precision,truenegativerate,truepositiverate
0,0.723790,0.746765,0.701172,0.745847,0.747917
1,0.761815,0.767098,0.732727,0.743902,0.793307
2,0.762189,0.779113,0.750980,0.783646,0.773737
3,0.743668,0.766174,0.725296,0.768719,0.762994
4,0.754163,0.768022,0.733333,0.761092,0.776210


Validation,F1,accuracy,precision,truenegativerate,truepositiverate
0,0.600259,0.428835,0.428835,0.0,1.0
1,0.614597,0.443623,0.443623,0.0,1.0
2,0.608360,0.437153,0.437153,0.0,1.0
3,0.623410,0.452865,0.452865,0.0,1.0
4,0.631246,0.461183,0.461183,0.0,1.0

Pruebas con SVM polinomial grado 2:

Validation,F1,accuracy,precision,truenegativerate,truepositiverate
0,0.775194,0.785582,0.761905,0.782609,0.788955
1,0.760649,0.781885,0.754527,0.794266,0.766871
2,0.771229,0.788355,0.762846,0.795571,0.779798
3,0.744283,0.772643,0.732106,0.784893,0.756871
4,0.756072,0.786506,0.776573,0.827181,0.736626

Pruebas con SVM polinomial grado 3:

Validation,F1,accuracy,precision,truenegativerate,truepositiverate
0,0.785340,0.810536,0.778008,0.824302,0.792812
1,0.777233,0.790203,0.751423,0.777966,0.804878
2,0.786000,0.802218,0.789157,0.818966,0.782869
3,0.747624,0.779113,0.766234,0.819095,0.729897
4,0.779939,0.801294,0.762000,0.803306,0.798742

### PRUEBAS CON LBP SOLO ###
Pruebas con SVM lineal:

Validation,F1,accuracy,precision,truenegativerate,truepositiverate
0,0.722057,0.740296,0.717092,0.751724,0.727092
1,0.724521,0.747689,0.699805,0.745033,0.751046
2,0.750000,0.767098,0.720000,0.754591,0.782609
3,0.752753,0.771719,0.743083,0.779287,0.762677
4,0.705385,0.742144,0.685832,0.754019,0.726087

Pruebas con SVM radial:

Validation,F1,accuracy,precision,truenegativerate,truepositiverate
0,0.609646,0.439002,0.438483,0.001645,1.0
1,0.620778,0.450092,0.450092,0.000000,1.0
2,0.612821,0.441774,0.441774,0.000000,1.0
3,0.637681,0.468577,0.468085,0.001736,1.0
4,0.611432,0.440850,0.440333,0.001650,1.0

Pruebas con SVM polinomial grado 2:

Validation,F1,accuracy,precision,truenegativerate,truepositiverate
0,0.757515,0.776340,0.744094,0.780405,0.771429
1,0.742911,0.748614,0.711957,0.723958,0.776680
2,0.752437,0.765250,0.735238,0.760757,0.770459
3,0.738144,0.765250,0.720322,0.771757,0.756871
4,0.754297,0.775416,0.732809,0.774086,0.777083

Pruebas con SVM polinomial grado 3:

Validation,F1,accuracy,precision,truenegativerate,truepositiverate
0,0.762548,0.772643,0.745283,0.765625,0.780632
1,0.769691,0.786506,0.745174,0.778894,0.795876
2,0.753651,0.766174,0.706204,0.733002,0.807933
3,0.763674,0.788355,0.728346,0.777778,0.802603
4,0.768145,0.787431,0.750000,0.787625,0.787190

Pruebas con SVM polinomial grado 4:

Validation,F1,accuracy,precision,truenegativerate,truepositiverate
0,0.347555,0.420518,0.352321,0.484034,0.342916
1,0.359743,0.447320,0.365217,0.519737,0.354430
2,0.288248,0.406654,0.311005,0.518395,0.268595
3,0.727823,0.750462,0.691571,0.736928,0.768085
4,0.373253,0.419593,0.349533,0.434146,0.400428

Pruebas con SVM polinomial grado 5:

Validation,F1,accuracy,precision,truenegativerate,truepositiverate
0,0.613709,0.442699,0.442699,0.0,1.0
1,0.612821,0.441774,0.441774,0.0,1.0
2,0.624285,0.453789,0.453789,0.0,1.0
3,0.623410,0.452865,0.452865,0.0,1.0
4,0.624285,0.453789,0.453789,0.0,1.0

Pruebas con SVM sigmoidal:

Validation,F1,accuracy,precision,truenegativerate,truepositiverate
0,0.619898,0.449168,0.449168,0.0,1.0
1,0.626032,0.455638,0.455638,0.0,1.0
2,0.609254,0.438078,0.438078,0.0,1.0
3,0.607465,0.436229,0.436229,0.0,1.0
4,0.629512,0.459335,0.459335,0.0,1.0

Pruebas con SVM Chi cuadrado:

Validation,F1,accuracy,precision,truenegativerate,truepositiverate
0,0.619017,0.448244,0.448244,0.000000,1.0
1,0.626429,0.456562,0.456059,0.001698,1.0
2,0.625478,0.456562,0.455051,0.005076,1.0
3,0.612323,0.441774,0.441258,0.001653,1.0
4,0.609646,0.439002,0.438483,0.001645,1.0

Pruebas con SVM kernel Inter:

Validation,F1,accuracy,precision,truenegativerate,truepositiverate
0,0.922912,0.933457,0.907368,0.929374,0.938998
1,0.926625,0.935305,0.920833,0.937500,0.932489
2,0.924731,0.935305,0.932755,0.949429,0.916844
3,0.934322,0.942699,0.928421,0.944535,0.940299
4,0.939516,0.944547,0.939516,0.948805,0.939516

### PRUEBAS CON LBP-Uniforme SOLO ###
Pruebas con SVM lineal:

Validation,F1,accuracy,precision,truenegativerate,truepositiverate
0,0.865234,0.872458,0.848659,0.863793,0.882470
1,0.872093,0.878004,0.837989,0.851789,0.909091
2,0.844534,0.856747,0.788390,0.817447,0.909287
3,0.867133,0.877079,0.841085,0.862647,0.894845
4,0.859556,0.877079,0.856842,0.888525,0.862288

Pruebas con SVM radial:

Validation,F1,accuracy,precision,truenegativerate,truepositiverate
0,0.642812,0.474122,0.473636,0.001754,1.0
1,0.629512,0.459335,0.459335,0.000000,1.0
2,0.618135,0.447320,0.447320,0.000000,1.0
3,0.589693,0.418669,0.418131,0.001587,1.0
4,0.614001,0.444547,0.443003,0.004967,1.0

Pruebas con SVM polinomial grado 2:

Validation,F1,accuracy,precision,truenegativerate,truepositiverate
0,0.865385,0.870610,0.830258,0.842466,0.903614
1,0.877953,0.885397,0.851145,0.867797,0.906504
2,0.870010,0.882625,0.853414,0.878939,0.887265
3,0.869295,0.883549,0.846465,0.876020,0.893390
4,0.848849,0.860444,0.820116,0.845000,0.879668

Pruebas con SVM polinomial grado 3:

Validation,F1,accuracy,precision,truenegativerate,truepositiverate
0,0.870293,0.885397,0.845528,0.877023,0.896552
1,0.882061,0.890018,0.854127,0.872054,0.911885
2,0.877228,0.885397,0.847036,0.865546,0.909651
3,0.862000,0.872458,0.850099,0.870968,0.874239
4,0.864097,0.876155,0.827184,0.854337,0.904459

Pruebas con SVM polinomial grado 4:

Validation,F1,accuracy,precision,truenegativerate,truepositiverate
0,0.869059,0.875231,0.820513,0.835846,0.923711
1,0.883813,0.891867,0.849237,0.868114,0.921325
2,0.859330,0.864140,0.825368,0.836489,0.896208
3,0.875764,0.887246,0.838207,0.864600,0.916844
4,0.847695,0.859519,0.804183,0.831148,0.896186

Pruebas con SVM polinomial grado 5:

Validation,F1,accuracy,precision,truenegativerate,truepositiverate
0,0.627774,0.457486,0.457486,0.0,1.0
1,0.621656,0.451017,0.451017,0.0,1.0
2,0.616368,0.445471,0.445471,0.0,1.0
3,0.619898,0.449168,0.449168,0.0,1.0
4,0.619898,0.449168,0.449168,0.0,1.0

Pruebas con SVM sigmoidal:

Validation,F1,accuracy,precision,truenegativerate,truepositiverate
0,0.640704,0.471349,0.471349,0.0,1.0
1,0.644110,0.475046,0.475046,0.0,1.0
2,0.592062,0.420518,0.420518,0.0,1.0
3,0.643260,0.474122,0.474122,0.0,1.0
4,0.602067,0.430684,0.430684,0.0,1.0

Pruebas con SVM Chi cuadrado:

Validation,F1,accuracy,precision,truenegativerate,truepositiverate
0,0.621173,0.451017,0.450509,0.001681,1.0
1,0.608360,0.437153,0.437153,0.000000,1.0
2,0.618135,0.447320,0.447320,0.000000,1.0
3,0.625556,0.455638,0.455134,0.001695,1.0
4,0.625159,0.454713,0.454713,0.000000,1.0

Pruebas con SVM kernel Inter:

Validation,F1,accuracy,precision,truenegativerate,truepositiverate
0,0.924025,0.931608,0.912779,0.928453,0.935551
1,0.928355,0.934381,0.918164,0.930743,0.938776
2,0.937033,0.945471,0.940043,0.954248,0.934043
3,0.938525,0.944547,0.952183,0.960818,0.925253
4,0.922441,0.930684,0.915811,0.931894,0.929167



### PRUEBAS CON LBP-Uniforme SOLO (espejado) ###
Pruebas con SVM lineal:

Validation,F1,accuracy,precision,truenegativerate,truepositiverate
0,0.856846,0.872458,0.834343,0.866232,0.880597
1,0.858038,0.874307,0.847423,0.878489,0.868922
2,0.885115,0.893715,0.884232,0.900344,0.886000
3,0.893788,0.902033,0.884921,0.901361,0.902834
4,0.872105,0.882625,0.857426,0.878788,0.887295

Pruebas con SVM radial:

Validation,F1,accuracy,precision,truenegativerate,truepositiverate
0,0.625159,0.454713,0.454713,0.000000,1.0
1,0.624285,0.453789,0.453789,0.000000,1.0
2,0.598833,0.427911,0.427382,0.001613,1.0
3,0.611825,0.441774,0.440741,0.003300,1.0
4,0.620294,0.450092,0.449584,0.001678,1.0

Pruebas con SVM polinomial grado 2:

Validation,F1,accuracy,precision,truenegativerate,truepositiverate
0,0.759542,0.767098,0.752363,0.767318,0.766859
1,0.752437,0.765250,0.735238,0.760757,0.770459
2,0.728713,0.746765,0.722986,0.757315,0.734531
3,0.754229,0.771719,0.753479,0.786207,0.754980
4,0.778612,0.781885,0.760073,0.766904,0.798077

Pruebas con SVM polinomial grado 3:

Validation,F1,accuracy,precision,truenegativerate,truepositiverate
0,0.767258,0.781885,0.758285,0.786575,0.776447
1,0.732932,0.754159,0.682243,0.726248,0.791757
2,0.766444,0.773567,0.724324,0.739796,0.813765
3,0.746479,0.767098,0.743487,0.781942,0.749495
4,0.753247,0.771719,0.719466,0.757025,0.790356

Pruebas con SVM polinomial grado 4:

Validation,F1,accuracy,precision,truenegativerate,truepositiverate
0,0.394572,0.463956,0.409091,0.534130,0.381048
1,0.487085,0.486137,0.434926,0.433058,0.553459
2,0.714432,0.742144,0.712245,0.763025,0.716632
3,0.251781,0.417745,0.284946,0.565359,0.225532
4,0.731891,0.736599,0.695886,0.705882,0.771825

Pruebas con SVM polinomial grado 5:

Validation,F1,accuracy,precision,truenegativerate,truepositiverate
0,0.619898,0.449168,0.449168,0.0,1.0
1,0.638994,0.469501,0.469501,0.0,1.0
2,0.622533,0.451941,0.451941,0.0,1.0
3,0.620778,0.450092,0.450092,0.0,1.0
4,0.612821,0.441774,0.441774,0.0,1.0

### PRUEBAS CON HOG y LBP ###
Pruebas con SVM lineal:

Validation,F1,accuracy,precision,truenegativerate,truepositiverate
0,0.723044,0.757856,0.702259,0.767255,0.745098
1,0.705179,0.726433,0.680769,0.722408,0.731405
2,0.721408,0.736599,0.716505,0.745645,0.726378
3,0.715875,0.740296,0.700990,0.747492,0.731405
4,0.727459,0.754159,0.712851,0.763245,0.742678

Pruebas con SVM radial:

Validation,F1,accuracy,precision,truenegativerate,truepositiverate
0,0.620778,0.450092,0.450092,0.000000,1.0
1,0.619898,0.449168,0.449168,0.000000,1.0
2,0.644514,0.475970,0.475486,0.001761,1.0
3,0.611432,0.440850,0.440333,0.001650,1.0
4,0.612323,0.441774,0.441258,0.001653,1.0

Pruebas con SVM polinomial grado 2:

Validation,F1,accuracy,precision,truenegativerate,truepositiverate
0,0.734486,0.758780,0.730769,0.775717,0.738241
1,0.745174,0.756007,0.704380,0.727273,0.790984
2,0.726688,0.764325,0.698969,0.769716,0.756696
3,0.741107,0.757856,0.706215,0.740433,0.779626
4,0.748996,0.768946,0.741551,0.779287,0.756592

Pruebas con SVM polinomial grado 3:

Validation,F1,accuracy,precision,truenegativerate,truepositiverate
0,0.772139,0.788355,0.740458,0.773710,0.806653
1,0.787234,0.796673,0.749540,0.769882,0.828921
2,0.756320,0.777264,0.712381,0.755663,0.806034
3,0.785855,0.798521,0.736648,0.764415,0.842105
4,0.743083,0.759704,0.716190,0.749580,0.772074

Pruebas con SVM polinomial grado 4:

Validation,F1,accuracy,precision,truenegativerate,truepositiverate
0,0.367816,0.440850,0.375267,0.506734,0.360656
1,0.314894,0.404806,0.341014,0.503472,0.292490
2,0.707269,0.724584,0.683112,0.717428,0.733198
3,0.365011,0.456562,0.378924,0.539867,0.352083
4,0.382353,0.456562,0.367677,0.499200,0.398249

Pruebas con SVM polinomial grado 5:

Validation,F1,accuracy,precision,truenegativerate,truepositiverate
0,0.619898,0.449168,0.449168,0.0,1.0
1,0.596628,0.425139,0.425139,0.0,1.0
2,0.628644,0.458410,0.458410,0.0,1.0
3,0.615483,0.444547,0.444547,0.0,1.0
4,0.604771,0.433457,0.433457,0.0,1.0

Pruebas con SVM sigmoidal:

Validation,F1,accuracy,precision,truenegativerate,truepositiverate
0,0.621656,0.451017,0.451017,0.0,1.0
1,0.624285,0.453789,0.453789,0.0,1.0
2,0.618135,0.447320,0.447320,0.0,1.0
3,0.626032,0.455638,0.455638,0.0,1.0
4,0.605670,0.434381,0.434381,0.0,1.0

Pruebas con SVM Chi cuadrado:

Validation,F1,accuracy,precision,truenegativerate,truepositiverate
0,0.610148,0.439002,0.439002,0.0,1.0
1,0.590228,0.418669,0.418669,0.0,1.0
2,0.614597,0.443623,0.443623,0.0,1.0
3,0.610148,0.439002,0.439002,0.0,1.0
4,0.619898,0.449168,0.449168,0.0,1.0

Pruebas con SVM kernel Inter:

Validation,F1,accuracy,precision,truenegativerate,truepositiverate
0,0.936475,0.942699,0.930754,0.943049,0.942268
1,0.942553,0.950092,0.944563,0.957447,0.940552
2,0.936992,0.942699,0.933198,0.944257,0.940816
3,0.930818,0.939002,0.928870,0.943894,0.932773
4,0.942249,0.947320,0.958763,0.965517,0.92629



### PRUEBAS CON HOG Y LBP-Uniforme ###
Pruebas con SVM lineal:

Validation,F1,accuracy,precision,truenegativerate,truepositiverate
0,0.872763,0.881701,0.859100,0.877342,0.886869
1,0.843198,0.860444,0.825203,0.859247,0.861996
2,0.870352,0.880776,0.849020,0.871022,0.892784
3,0.866397,0.878004,0.864646,0.886248,0.868154
4,0.851020,0.865065,0.834000,0.862126,0.868750

Pruebas con SVM radial:

Validation,F1,accuracy,precision,truenegativerate,truepositiverate
0,0.626429,0.456562,0.456059,0.001698,1.0
1,0.606061,0.435305,0.434783,0.001634,1.0
2,0.606959,0.436229,0.435708,0.001637,1.0
3,0.611432,0.440850,0.440333,0.001650,1.0
4,0.602456,0.431608,0.431082,0.001623,1.0

Pruebas con SVM polinomial grado 2:

Validation,F1,accuracy,precision,truenegativerate,truepositiverate
0,0.863354,0.878004,0.842424,0.872340,0.885350
1,0.851365,0.864140,0.820663,0.848185,0.884454
2,0.856863,0.865065,0.830798,0.848639,0.884615
3,0.865580,0.878004,0.838264,0.864909,0.894737
4,0.874239,0.885397,0.858566,0.881271,0.890496

Pruebas con SVM polinomial grado 3:

Validation,F1,accuracy,precision,truenegativerate,truepositiverate
0,0.895382,0.897412,0.869963,0.874780,0.922330
1,0.863859,0.871534,0.833648,0.850847,0.896341
2,0.880553,0.888170,0.864341,0.880342,0.897384
3,0.872319,0.884473,0.837255,0.864600,0.910448
4,0.892754,0.897412,0.871698,0.882149,0.914851

Pruebas con SVM polinomial grado 4:

Validation,F1,accuracy,precision,truenegativerate,truepositiverate
0,0.882704,0.890943,0.855491,0.873950,0.911704
1,0.864754,0.878004,0.819417,0.850242,0.915401
2,0.870466,0.884473,0.831683,0.863344,0.913043
3,0.886228,0.894640,0.847328,0.867550,0.928870
4,0.874146,0.880776,0.840525,0.855932,0.910569

Pruebas con SVM polinomial grado 5:

Validation,F1,accuracy,precision,truenegativerate,truepositiverate
0,0.624285,0.453789,0.453789,0.0,1.0
1,0.637280,0.467652,0.467652,0.0,1.0
2,0.599353,0.427911,0.427911,0.0,1.0
3,0.619898,0.449168,0.449168,0.0,1.0
4,0.649189,0.480591,0.480591,0.0,1.0

Pruebas con SVM sigmoidal:

Validation,F1,accuracy,precision,truenegativerate,truepositiverate
0,0.620778,0.450092,0.450092,0.0,1.0
1,0.600259,0.428835,0.428835,0.0,1.0
2,0.617252,0.446396,0.446396,0.0,1.0
3,0.624285,0.453789,0.453789,0.0,1.0
4,0.610148,0.439002,0.439002,0.0,1.0

Pruebas con SVM Chi cuadrado:

Validation,F1,accuracy,precision,truenegativerate,truepositiverate
0,0.617252,0.446396,0.446396,0.0,1.0
1,0.633838,0.463956,0.463956,0.0,1.0
2,0.634700,0.464880,0.464880,0.0,1.0
3,0.632975,0.463031,0.463031,0.0,1.0
4,0.592062,0.420518,0.420518,0.0,1.0

Pruebas con SVM kernel Inter:

Validation,F1,accuracy,precision,truenegativerate,truepositiverate
0,0.940239,0.944547,0.927308,0.936968,0.953535
1,0.921466,0.930684,0.918580,0.935644,0.924370
2,0.933761,0.942699,0.918067,0.937299,0.950000
3,0.931452,0.937153,0.914851,0.927731,0.948665
4,0.934120,0.938078,0.920543,0.929432,0.948104