Resultados pruebas

### PRUEBAS CON HOG SOLO ###
Pruebas con SVM lineal:

         F1  accuracy  precision  truenegativerate  truepositiverate
0  0.955533  0.960259   0.966527          0.973019          0.944785
1  0.960566  0.963956   0.979381          0.982699          0.942460
2  0.959474  0.965804   0.962637          0.972756          0.956332
3  0.953751  0.958410   0.960663          0.967905          0.946939
4  0.970854  0.973198   0.979716          0.982759          0.962151

Pruebas con SVM radial:

         F1  accuracy  precision  truenegativerate  truepositiverate
0  0.853179  0.882625   0.960938          0.975042          0.767152
1  0.834146  0.874307   0.957983          0.975767          0.738661
2  0.850123  0.887246   0.971910          0.983974          0.755459
3  0.854237  0.880776   0.952141          0.968013          0.774590
4  0.865106  0.888170   0.948655          0.964646          0.795082

Pruebas con SVM polinomial grado 2:

         F1  accuracy  precision  truenegativerate  truepositiverate
0  0.963441  0.968577   0.976035          0.981997          0.951168
1  0.969008  0.972274   0.985294          0.988136          0.953252
2  0.973601  0.976895   0.976695          0.981878          0.970526
3  0.974039  0.976895   0.979123          0.983278          0.969008
4  0.968442  0.970425   0.983968          0.985891          0.953398

Pruebas con SVM polinomial grado 3:

         F1  accuracy  precision  truenegativerate  truepositiverate
0  0.978238  0.980591   0.989518          0.991582          0.967213
1  0.979955  0.983364   0.988764          0.992051          0.971302
2  0.968153  0.972274   0.976445          0.981878          0.960000
3  0.973577  0.975970   0.979550          0.982964          0.967677
4  0.974722  0.976895   0.993814          0.994810          0.956349

### PRUEBAS CON LBP SOLO ###
Pruebas con SVM lineal:

         F1  accuracy  precision  truenegativerate  truepositiverate
0  0.723790  0.746765   0.701172          0.745847          0.747917
1  0.761815  0.767098   0.732727          0.743902          0.793307
2  0.762189  0.779113   0.750980          0.783646          0.773737
3  0.743668  0.766174   0.725296          0.768719          0.762994
4  0.754163  0.768022   0.733333          0.761092          0.776210


         F1  accuracy  precision  truenegativerate  truepositiverate
0  0.600259  0.428835   0.428835               0.0               1.0
1  0.614597  0.443623   0.443623               0.0               1.0
2  0.608360  0.437153   0.437153               0.0               1.0
3  0.623410  0.452865   0.452865               0.0               1.0
4  0.631246  0.461183   0.461183               0.0               1.0

Pruebas con SVM polinomial grado 2:

         F1  accuracy  precision  truenegativerate  truepositiverate
0  0.775194  0.785582   0.761905          0.782609          0.788955
1  0.760649  0.781885   0.754527          0.794266          0.766871
2  0.771229  0.788355   0.762846          0.795571          0.779798
3  0.744283  0.772643   0.732106          0.784893          0.756871
4  0.756072  0.786506   0.776573          0.827181          0.736626

Pruebas con SVM polinomial grado 3:

         F1  accuracy  precision  truenegativerate  truepositiverate
0  0.785340  0.810536   0.778008          0.824302          0.792812
1  0.777233  0.790203   0.751423          0.777966          0.804878
2  0.786000  0.802218   0.789157          0.818966          0.782869
3  0.747624  0.779113   0.766234          0.819095          0.729897
4  0.779939  0.801294   0.762000          0.803306          0.798742

### PRUEBAS CON LBP-Uniforme SOLO ###
Pruebas con SVM lineal:

         F1  accuracy  precision  truenegativerate  truepositiverate
0  0.856846  0.872458   0.834343          0.866232          0.880597
1  0.858038  0.874307   0.847423          0.878489          0.868922
2  0.885115  0.893715   0.884232          0.900344          0.886000
3  0.893788  0.902033   0.884921          0.901361          0.902834
4  0.872105  0.882625   0.857426          0.878788          0.887295

Pruebas con SVM radial:

         F1  accuracy  precision  truenegativerate  truepositiverate
0  0.617252  0.446396   0.446396          0.000000               1.0
1  0.611040  0.439926   0.439926          0.000000               1.0
2  0.613607  0.443623   0.442593          0.003311               1.0
3  0.625080  0.455638   0.454630          0.003384               1.0
4  0.619017  0.448244   0.448244          0.000000               1.0

Pruebas con SVM polinomial grado 2:

         F1  accuracy  precision  truenegativerate  truepositiverate
0  0.863985  0.868762   0.857414          0.867021          0.870656
1  0.881119  0.890018   0.856311          0.875839          0.907407
2  0.883268  0.889094   0.861480          0.874355          0.906188
3  0.877301  0.889094   0.841176          0.868078          0.916667
4  0.885375  0.892791   0.876712          0.891566          0.894212

Pruebas con SVM polinomial grado 3:

         F1  accuracy  precision  truenegativerate  truepositiverate
0  0.879257  0.891867   0.862348          0.887974          0.896842
1  0.880000  0.886322   0.829044          0.845258          0.937630
2  0.886342  0.890018   0.854512          0.863322          0.920635
3  0.878199  0.890018   0.847826          0.873977          0.910828
4  0.873900  0.880776   0.843396          0.859083          0.906694

### PRUEBAS CON HOG y LBP ###
Pruebas con SVM polinomial grado 2:

         F1  accuracy  precision  truenegativerate  truepositiverate
0  0.775194  0.785582   0.761905          0.782609          0.788955
1  0.760649  0.781885   0.754527          0.794266          0.766871
2  0.771229  0.788355   0.762846          0.795571          0.779798
3  0.744283  0.772643   0.732106          0.784893          0.756871
4  0.756072  0.786506   0.776573          0.827181          0.736626

Pruebas con SVM radial:

         F1  accuracy  precision  truenegativerate  truepositiverate
0  0.633838  0.463956   0.463956          0.000000               1.0
1  0.604261  0.433457   0.432932          0.001629               1.0
2  0.614001  0.444547   0.443003          0.004967               1.0
3  0.620778  0.450092   0.450092          0.000000               1.0
4  0.620294  0.450092   0.449584          0.001678               1.0

Pruebas con SVM polinomial grado 2:

         F1  accuracy  precision  truenegativerate  truepositiverate
0  0.772000  0.789279   0.759843          0.793220          0.784553
1  0.766600  0.785582   0.758964          0.794915          0.774390
2  0.774704  0.789279   0.752399          0.781726          0.798371
3  0.759657  0.792976   0.772926          0.828947          0.746835
4  0.769547  0.792976   0.754032          0.798680          0.785714

Pruebas con SVM polinomial grado 3:

         F1  accuracy  precision  truenegativerate  truepositiverate
0  0.771605  0.794824   0.762195          0.805648          0.781250
1  0.770771  0.788355   0.768463          0.801370          0.773092
2  0.768903  0.799445   0.778017          0.830313          0.760000
3  0.751864  0.784658   0.769063          0.823920          0.735417
4  0.786749  0.809612   0.767677          0.811784          0.806794

### PRUEBAS CON HOG Y LBP-Uniforme ###
Pruebas con SVM lineal:

         F1  accuracy  precision  truenegativerate  truepositiverate
0  0.860707  0.876155   0.836364          0.868293          0.886510
1  0.875252  0.885397   0.863095          0.883446          0.887755
2  0.861602  0.877079   0.857143          0.885762          0.866109
3  0.847162  0.870610   0.825532          0.871069          0.869955
4  0.852285  0.871534   0.815041          0.856240          0.893096

Pruebas con SVM radial:

         F1  accuracy  precision  truenegativerate  truepositiverate
0  0.614597  0.443623   0.443623          0.000000               1.0
1  0.618135  0.447320   0.447320          0.000000               1.0
2  0.603871  0.432532   0.432532          0.000000               1.0
3  0.634700  0.464880   0.464880          0.000000               1.0
4  0.614103  0.443623   0.443108          0.001658               1.0

Pruebas con SVM polinomial grado 2:

         F1  accuracy  precision  truenegativerate  truepositiverate
0  0.855670  0.870610   0.838384          0.868204          0.873684
1  0.874016  0.881701   0.837736          0.855705          0.913580
2  0.873354  0.884473   0.845098          0.869421          0.903564
3  0.886454  0.894640   0.865759          0.883446          0.908163
4  0.870902  0.883549   0.831703          0.860616          0.913978

Pruebas con SVM polinomial grado 3:

         F1  accuracy  precision  truenegativerate  truepositiverate
0  0.878728  0.887246   0.875248          0.891566          0.882236
1  0.881256  0.888170   0.855238          0.870748          0.908907
2  0.877295  0.882625   0.843866          0.856410          0.913481
3  0.885338  0.887246   0.878731          0.882671          0.892045
4  0.892857  0.900185   0.872093          0.888136          0.914634